package cn.com;

public class Test3 {

	public static void main(String[] args) {
		// TODO Auto-generated method stub
		/*输入顶点数:9
			输入各个顶点的值:0 1 2 3 4 5 6 7 8
			输入邻接矩阵:
			0 10 65535 65535 65535 11 65535 65535 65535
			10 0 18 65535 65535 65535 16 65535 12
			65535 18 0 22 65535 65535 65535 65535 8
			65535 65535 22 0 20 65535 24 16 21
			65535 65535 65535 20 0 26 65535 7 65535
			11 65535 65535 65535 26 0 17 65535 65535
			65535 16 65535 24 65535 17 0 19 65535
			65535 65535 65535 16 7 65535 19 0 65535
			65535 12 8 21 65535 65535 65535 65535 0
			
			4 7
			2 8
			0 1
			0 5
			1 8
			1 6
			3 7
			6 7
		 * 
		 * 
		 * */
		MGraph graph=new MGraph();
		graph.kruskal();

	}

}
